=== Training Summary ===

Num epochs logged: 15

Best val loss: 0.9094 at epoch 2

Val Dice at that epoch: 0.0910


Best val Dice: 0.0910 at epoch 1

Train Dice at that epoch: 0.0169


Loss (train/val):

 Epoch  TrainLoss  ValLoss
     1   0.980804 0.909917
     2   0.980129 0.909386
     3   0.979895 0.909713
     4   0.979671 0.909947
     5   0.979489 0.910163
     6   0.979373 0.910139
     7   0.979309 0.910205
     8   0.979266 0.910151
     9   0.979236 0.910198
    10   0.979221 0.910121
    11   0.979205 0.910146
    12   0.979192 0.910143
    13   0.979179 0.910120
    14   0.979167 0.910091
    15   0.979158 0.910120


Dice (train/val):

 Epoch  TrainDice  ValDice
     1   0.016858 0.090975
     2   0.016858 0.090975
     3   0.016858 0.090975
     4   0.016858 0.090975
     5   0.016858 0.090975
     6   0.016858 0.090975
     7   0.016858 0.090975
     8   0.016858 0.090975
     9   0.016858 0.090975
    10   0.016858 0.090975
    11   0.016858 0.090975
    12   0.016858 0.090975
    13   0.016858 0.090975
    14   0.016858 0.090975
    15   0.016858 0.090975